400 400
30.0 0.0 1
29.996302725946023 0.23549032538673556 1
29.985211815106467 0.4709226059554702 1
29.96673000122378 0.7062388111953762 1
29.940861839786695 0.9413809392064463 1
29.90761370690735 1.176291030996087 1
29.866993797749693 1.4109111847651397 1
29.819012124509452 1.6451835701797994 1
29.763680513946344 1.879050442625923 1
29.7010126044689 2.1124541574422038 1
29.631023842772844 2.345337184128717 1
29.55373148003368 2.5776421205273166 1
29.469154567654567 2.8093117069704063 1
29.377313952570418 3.0402888403945822 1
29.278232272109452 3.2705165884156795 1
29.17193394841343 3.499938203361747 1
29.058445182417955 3.7284971362604953 1
28.93779394739436 3.956137050777762 1
28.81000998205471 4.182801837103575 1
28.675124783221627 4.4084356257823725 1
28.53317159806485 4.6329828014839824 1
28.384185415906263 4.856388016711963 1
28.22820295959558 5.078596205445928 1
28.065262676458715 5.299552596714494 1
27.895404728821074 5.519202728095493 1
27.718670984108165 5.737492459140145 1
27.535105004525914 5.9543679847178606 1
27.344752036323214 6.169775848278395 1
27.147658998639432 6.3836629550280835 1
26.943874471939527 6.595976585016911 1
26.73344868603972 6.806664406133177 1
26.516433507726568 7.015674487002583 1
26.292882427972607 7.222955309788528 1
26.062850548751648 7.42845578289048 1
25.826394569456916 7.632125253537287 1
25.583572772925564 7.833913520272321 1
25.334445011072788 8.033770845327386 1
25.079072690139263 8.231647966882315 1
24.817518755555408 8.427496111207283 1
24.54984767642629 8.621267004684793 1
24.276125429640967 8.812912885708378 1
23.996419483610175 9.002386516455148 1
23.710798781636385 9.189641194529175 1
23.419333724920303 9.374630764472947 1
23.12209615520806 9.557309629143978 1
22.819159337083267 9.737632760953835 1
22.510597939908443 9.915555712966743 1
22.196488019420105 10.091034629855104 1
21.8769069989822 10.264026258709146 1
21.551933650502395 10.434487959698147 1
21.22164807501599 10.60237771658049 1
20.88613168294223 10.767654147060034 1
20.54546717401786 10.93027651298624 1
20.199738516912866 11.090204730395499 1
19.8490309285335 11.247399379391227 1
19.493430853017557 11.40182171386028 1
19.133025940427235 11.553433671023289 1
18.767905025144664 11.702197880816552 1
18.39815810397564 11.8480776751032 1
18.023876313966703 11.991037096711342 1
17.64515190994125 12.131040908296953 1
17.26207824176013 12.268054601029371 1
16.874749731312278 12.402044403097179 1
16.48326184924117 12.532977288032466 1
16.08771109141272 12.66082098285135 1
15.68819495513054 12.785543976008771 1
15.284811915104264 12.907115525165631 1
14.877661399177086 13.025505664766301 1
14.46684376381824 13.14068521342469 1
14.052460269386676 13.25262578111701 1
13.634613055171874 13.361299776179493 1
13.21340511421808 13.466680412109321 1
12.78894026793806 13.568741714167091 1
12.361323140522677 13.667458525779205 1
11.9306591331526 13.762806514738577 1
11.497054398018548 13.85476217920216 1
11.060615812156296 13.9433028534838 1
10.621450951103158 14.028406713640985 1
10.17966806238222 14.110052782854105 1
9.735376038820942 14.18822093659694 1
9.288684391710726 14.26289190759705 1
8.839703223814043 14.334047290584852 1
8.388543202225742 14.401669546830258 1
7.9353155310953 14.465742008465707 1
7.4801319242166375 14.526248882594528 1
7.023104577492386 14.583175255183672 1
6.5643461412793025 14.636507094739779 1
6.103969692621582 14.68623125576774 1
5.642088707379148 14.73233548201086 1
5.178817032257502 14.774808409471843 1
4.714268856746292 14.81363956921384 1
4.248558684973243 14.848819389940891 1
3.781801307480683 14.880339200357106 1
3.3141117729313487 14.908191231303999 1
2.8456053597506856 14.93236861767548 1
2.3763975477123984 14.952865400109994 1
1.9066039894744327 14.969676526459416 1
1.4363404820723744 14.982797853034327 1
0.9657229383771669 14.992226145625374 1
0.4948673585244135 14.99795908030045 1
0.0238898013219979 14.99999524397752 1
-0.44709364435658316 14.9983341347729 1
-0.9179668881864458 14.992976162124993 1
-1.3886138670057553 14.98392264669335 1
-1.85891857342364 14.971175820033146 1
-2.328765084414187 14.954738824045151 1
-2.7980375898897867 14.934615710201282 1
-3.2666204212465035 14.910811438545988 1
-3.7343980798747034 14.883331876473662 1
-4.201255265627715 14.852183797282434 1
-4.667076905241544 14.817374878504635 1
-5.131748180698731 14.778913700014417 1
-5.595154557529241 14.736809741912934 1
-6.057181813041524 14.691073382191641 1
-6.517716064476643 14.64171589417428 1
-6.9766437970786574 14.588749443738177 1
-7.433851892074362 14.53218708631552 1
-7.889227654555283 14.472042763675418 1
-8.342658841255345 14.408331300487438 1
-8.794033688217064 14.341068400667568 1
-9.243240938339778 14.270270643507427 1
-9.690169868802753 14.195955479587727 1
-10.134710318356774 14.118141226476954 1
-10.576752714477141 14.036847064216383 1
-11.016188100371746 13.95209303059247 1
-11.452908161837199 13.86390001619785 1
-11.886805253956709 13.772289759282106 1
-12.317772427632873 13.677284840393646 1
-12.745703455949075 13.578908676813905 1
-13.170492860352782 13.477185516785362 1
-13.592035936654447 13.372140433534698 1
-14.010228780835506 13.26379931909263 1
-14.424968314659113 13.152188877911927 1
-14.83615231107744 13.037336620285137 1
-15.243679419429073 12.919270855563738 1
-15.647449190420408 12.798020685180305 1
-16.04736210088489 12.673615995475437 1
-16.44331957831401 12.54608745033123 1
-16.835224025153927 12.415466483613091 1
-17.222978842861785 12.281785291421755 1
-17.606488455715777 12.145076824157464 1
-17.985658334373188 12.005374778398135 1
-18.36039501917036 11.862713588593717 1
-18.73060614315921 11.717128418578573 1
-19.09620045487416 11.56865515290416 1
-19.45708784082436 11.417330387994 1
-19.81317934770524 11.263191423123228 1
-20.164387204324193 11.106276251224875 1
-20.51062484323483 10.946623549525194 1
-20.85180692207454 10.7842726700103 1
-21.187849344600156 10.619263629726483 1
-21.51866928141636 10.45163710091663 1
-21.844185190391872 10.281434400995128 1
-22.164316836758413 10.108697482363734 1
-22.47898531288732 9.933468922070931 1
-22.788113057739093 9.755791911317361 1
-23.091623875981032 9.575710244809818 1
-23.38944295676825 9.393268309966508 1
-23.681496892183404 9.208511075976233 1
-23.96771369533065 9.021484082714156 1
-24.248022818079303 8.83223342951693 1
-24.522355168452933 8.640805763819856 1
-24.790643127659443 8.447248269659056 1
-25.052820566758136 8.251608656041263 1
-25.308822862959484 8.053935145184296 1
-25.558586915553636 7.854276460631024 1
-25.802051161463847 7.652681815239709 1
-26.039155590420826 7.449200899053801 1
-26.269841759754343 7.243883867054105 1
-26.4940528087985 7.036781326796299 1
-26.711733472907035 6.827944325936944 1
-26.92283009707515 6.617424339651049 1
-27.12729064916477 6.405273257944147 1
-27.325064732729604 6.19154337286223 1
-27.516103599437145 5.976287365602539 1
-27.700360161084372 5.759558293528457 1
-27.877789001204313 5.541409577091642 1
-28.048346386260498 5.321894986664705 1
-28.21199027642664 5.10106862928761 1
-28.368680335948774 4.878984935331155 1
-28.518377943087465 4.655698645080625 1
-28.66104619963747 4.431264795243182 1
-28.79664994002256 4.2057387053821635 1
-28.925155739963344 3.9791759642815987 1
-29.046531924715826 3.7516324162444374 1
-29.160748576878767 3.523164147327762 1
-29.267777543767856 3.2938274715184326 1
-29.367592444354937 3.0636789168525285 1
-29.460168675770543 2.832775211482019 1
-29.545483419368107 2.6011732696921723 1
-29.62351564634843 2.3689301778729974 1
-29.694246122942978 2.1361031804483344 1
-29.75765741515468 1.9027496657659528 1
-29.813733893055172 1.6689271519522146 1
-29.86246173463734 1.434693272734684 1
-29.90382892922223 1.2001057632362941 1
-29.937825280419478 0.9652224457445548 1
-29.964442408640615 0.7301012154591513 1
-29.98367375316447 0.49480002622170177 1
-29.9955145737543 0.25937687623099503 1
-29.999961951826187 0.023889793747302424 1
-29.99701479116843 -0.21160317721068866 1
-29.986673818211727 -0.44704399117289045 1
-29.968941581850164 -0.6823746155251357 1
-29.94382245281289 -0.9175370448132961 1
-29.911322622586837 -1.1524733150408333 1
-29.871450101890623 -1.3871255179559976 1
-29.824214718699984 -1.6214358153253585 1
-29.769628115825373 -1.8553464531900339 1
-29.70770374804216 -2.0887997761012085 1
-29.638456878774228 -2.321738241331308 1
-29.561904576331774 -2.554104433057435 1
-29.47806570970425 -2.7858410765134494 1
-29.386960943909408 -3.0168910521074177 1
-29.288612734899687 -3.247197409500685 1
-29.183045324027198 -3.4767033816452604 1
-29.070284732068544 -3.705352398776081 1
-28.95035875281112 -3.93308810235458 1
-28.823296946202362 -4.15985435896023 1
-28.689130631063655 -4.385595274126567 1
-28.54789287737073 -4.610255206118348 1
-28.3996184981024 -4.833778779646416 1
-28.244344040659684 -5.056110899516835 1
-28.082107777857434 -5.277196764211068 1
-27.912949698490653 -5.496981879393698 1
-27.736911497477855 -5.7154120713444785 1
-27.554036565583935 -5.932433500311309 1
-27.36436997872493 -6.147992673780965 1
-27.167958486857543 -6.36203645966418 1
-26.964850502455967 -6.574512099391867 1
-26.755096088578927 -6.785367220919378 1
-26.538746946529894 -6.994549851635383 1
-26.315856403113493 -7.20200843117235 1
-26.08647939749128 -7.407691824115371 1
-25.85067246764001 -7.611549332606318 1
-25.608493736415912 -7.813530708840065 1
-25.36000289722827 -8.013586167449843 1
-25.10526119932593 -8.211666397778528 1
-24.844331432700226 -8.407722576033054 1
-24.577277912608224 -8.60170637731869 1
-24.304166463719973 -8.793569987550411 1
-24.025064403893747 -8.983266115238344 1
-23.74004052758315 -9.170748003144421 1
-23.44916508888036 -9.355969439807328 1
-23.15250978419952 -9.538884770932942 1
-22.85014773460473 -9.719448910647383 1
-22.542153467786697 -9.897617352610075 1
-22.228602899692845 -10.073346180983838 1
-21.909573315815198 -10.24659208125949 1
-21.5851433521406 -10.417312350932226 1
-21.255392975768192 -10.585464910027147 1
-20.92040346519869 -10.751008311471333 1
-20.58025739030048 -10.913901751309913 1
-20.235038591957395 -11.074105078763644 1
-19.884832161403157 -11.231578806125462 1
-19.52972441924774 -11.386284118493602 1
-19.169802894200522 -11.538182883338925 1
-18.805156301495956 -11.687237659903932 1
-18.435874521026427 -11.833411708431434 1
-18.062048575188303 -11.976668999220298 1
-17.683770606446274 -12.116974221506238 1
-17.301133854621572 -12.254292792165398 1
-16.914232633909894 -12.38859086423853 1
-16.523162309634202 -12.51983533527382 1
-16.128019274738712 -12.647993855486101 1
-15.728900926029452 -12.773034835730602 1
-15.325905640167436 -12.894927455289192 1
-14.919132749420264 -13.013641669467235 1
-14.508682517178297 -13.129148216999122 1
-14.094656113241124 -13.241418627260776 1
-13.677155588880783 -13.35042522728721 1
-13.256283851687739 -13.456141148593483 1
-12.832144640205561 -13.558540333797401 1
-12.404842498361047 -13.657597543042257 1
-11.974482749695676 -13.75328836021808 1
-11.541171471404962 -13.845589198979834 1
-11.105015468191999 -13.934477308561096 1
-10.66612224594171 -14.01993077938179 1
-10.22459998522235 -14.101928548448534 1
-9.780557514620481 -14.180450404546402 1
-9.334104283916467 -14.255476993220643 1
-8.885350337106717 -14.32698982154728 1
-8.434406285279486 -14.394971262691339 1
-7.981383279350998 -14.459404560251578 1
-7.5263929826682725 -14.520273832390712 1
-7.069547543485865 -14.577564075750043 1
-6.610959567323093 -14.631261169147546 1
-6.150742089208311 -14.68135187705854 1
-5.689008545817589 -14.727823852878048 1
-5.225872747514248 -14.77066564196404 1
-4.761448850296324 -14.809866684460834 1
-4.29585132765883 -14.845417317901944 1
-3.8291949423777716 -14.87730877959173 1
-3.3615947182228156 -14.905533208765265 1
-2.8931659116057755 -14.930083648525903 1
-2.4240239831714807 -14.950954047560053 1
-1.9542845693385467 -14.968139261628725 1
-1.4840634537968194 -14.98163505483551 1
-1.0134765389682805 -14.99143810067067 1
-0.5426398174389523 -14.997545982831074 1
-0.07166934336844616 -14.99995719581577 1
0.3993187961156401 -14.99867114529708 1
0.8702085095314768 -14.993688148267083 1
1.3408837296576976 -14.985009432959487 1
1.8112284421423812 -14.97263713854689 1
2.281126714098735 -14.9565743146135 1
2.750462722680831 -14.936824920403458 1
3.21912078363222 -14.913393823844952 1
3.6869853798002548 -14.88628680035034 1
4.1539411896094816 -14.8555105313926 1
4.619873115486596 -14.82107260285844 1
5.084666312230182 -14.782981503178508 1
5.548206215318479 -14.741246621235105 1
6.01037856914771 -14.695878244047972 1
6.47106945519439 -14.6468875542387 1
6.930165320094526 -14.59428662727438 1
7.387553003632814 -14.538088428491173 1
7.8431197666349215 -14.478306809898564 1
8.296753318756029 -14.414956506765037 1
8.7483418461586 -14.348053133986072 1
9.197774039072966 -14.277613182235287 1
9.6449391192334 -14.203654013899744 1
10.089726867183346 -14.126193858800383 1
10.532027649442751 -14.045251809698657 1
10.97173244553122 -13.960847817590427 1
11.408732874839824 -13.873002686788368 1
11.842921223345305 -13.781738069794002 1
12.274190470159962 -13.687076461960698 1
12.70243431391072 -13.589041195948884 1
13.127547198940688 -13.487656435974936 1
13.549424341327306 -13.382947171855001 1
13.967961754709695 -13.274939212845451 1
14.383056275919861 -13.163659181281266 1
14.79460559041102 -13.04913450601398 1
15.202508257476277 -12.931393415650975 1
15.60666373525249 -12.810464931597476 1
16.006972405502204 -12.686378860903247 1
16.403335598168105 -12.55916578891559 1
16.79565561569358 -12.428857071740554 1
17.18383575710394 -12.295484828514043 1
17.567780341841466 -12.159081933485034 1
17.947394733349363 -12.019682007912518 1
18.322585362398367 -11.877319411778327 1
18.693259750149853 -11.732029235318027 1
19.05932653095082 -11.58384729037156 1
19.420695474853826 -11.432810101556312 1
19.777277509857548 -11.27895489726423 1
20.12898474386159 -11.12231960048563 1
20.475730486330523 -10.962942819461784 1
20.817429269661908 -10.800863838168496 1
21.153996870252683 -10.636122606633252 1
21.48535032925906 -10.468759731088104 1
21.811407973044542 -10.298816463960906 1
22.132089433311435 -10.1263346937071 1
22.447315666910157 -9.951356934484988 1
22.75700897532247 -9.773926315676475 1
23.061093023812752 -9.594086571256469 1
23.35949286024345 -9.41188202901305 1
23.65213493354977 -9.227357599621282 1
23.938947111868682 -9.040558765573538 1
24.219858700318515 -8.851531569968632 1
24.49480045842411 -8.660322605162957 1
24.76370461718357 -8.466979001286129 1
25.026504895772245 -8.27154841462419 1
25.2831365178801 -8.074079015872925 1
25.533536227677903 -7.87461947826465 1
25.77764230540896 -7.673218965570937 1
26.015394582602156 -7.469927119984412 1
26.24673445690238 -7.264794049882855 1
26.471604906515356 -7.05787031747807 1
26.689950504262466 -6.849206926353221 1
26.901717431242822 -6.6388553088911 1
27.106853490098796 -6.426867313596855 1
27.305308117881843 -6.213295192318164 1
27.497032398515554 -5.998191587365856 1
27.681979074852705 -5.781609518538432 1
27.860102560323465 -5.563602370053457 1
28.031358950171718 -5.344223877389211 1
28.195706032277048 -5.123528114039574 1
28.353103297559255 -4.901569478185905 1
28.50351194996336 -4.6784026792885145 1
28.646894916022152 -4.454082724601779 1
28.78321685399427 -4.2286649056156085 1
28.912444162575454 -4.002204784426846 1
29.03454498918068 -3.7747581800442194 1
29.149489237795414 -3.546381154629653 1
29.257248576393778 -3.3171299996798522 1
29.357796443922005 -3.087061222151273 1
29.451108056845293 -2.8562315305320745 1
29.53716041525663 -2.6246978208641845 1
29.615932308545872 -2.392517162719454 1
29.68740432062787 -2.1597467851327896 1
29.75155883472824 -1.9264440624959769 1
29.80838003772561 -1.6926665004159442 1
29.857853924049355 -1.4584717215402838 1
29.899968299131707 -1.2239174513543494 1
29.934712782413598 -0.9890615039525821 1
29.962078809903254 -0.7539617677883913 1
29.982059636287108 -0.5186761914054452 1
29.994650336592432 -0.28326276915414583 1
30.0 0.0 0
29.996302725946023 0.23549032538673556 0
29.985211815106467 0.4709226059554702 0
29.96673000122378 0.7062388111953762 0
29.940861839786695 0.9413809392064463 0
29.90761370690735 1.176291030996087 0
29.866993797749693 1.4109111847651397 0
29.819012124509452 1.6451835701797994 0
29.763680513946344 1.879050442625923 0
29.7010126044689 2.1124541574422038 0
29.631023842772844 2.345337184128717 0
29.55373148003368 2.5776421205273166 0
29.469154567654567 2.8093117069704063 0
29.377313952570418 3.0402888403945822 0
29.278232272109452 3.2705165884156795 0
29.17193394841343 3.499938203361747 0
29.058445182417955 3.7284971362604953 0
28.93779394739436 3.956137050777762 0
28.81000998205471 4.182801837103575 0
28.675124783221627 4.4084356257823725 0
28.53317159806485 4.6329828014839824 0
28.384185415906263 4.856388016711963 0
28.22820295959558 5.078596205445928 0
28.065262676458715 5.299552596714494 0
27.895404728821074 5.519202728095493 0
27.718670984108165 5.737492459140145 0
27.535105004525914 5.9543679847178606 0
27.344752036323214 6.169775848278395 0
27.147658998639432 6.3836629550280835 0
26.943874471939527 6.595976585016911 0
26.73344868603972 6.806664406133177 0
26.516433507726568 7.015674487002583 0
26.292882427972607 7.222955309788528 0
26.062850548751648 7.42845578289048 0
25.826394569456916 7.632125253537287 0
25.583572772925564 7.833913520272321 0
25.334445011072788 8.033770845327386 0
25.079072690139263 8.231647966882315 0
24.817518755555408 8.427496111207283 0
24.54984767642629 8.621267004684793 0
24.276125429640967 8.812912885708378 0
23.996419483610175 9.002386516455148 0
23.710798781636385 9.189641194529175 0
23.419333724920303 9.374630764472947 0
23.12209615520806 9.557309629143978 0
22.819159337083267 9.737632760953835 0
22.510597939908443 9.915555712966743 0
22.196488019420105 10.091034629855104 0
21.8769069989822 10.264026258709146 0
21.551933650502395 10.434487959698147 0
21.22164807501599 10.60237771658049 0
20.88613168294223 10.767654147060034 0
20.54546717401786 10.93027651298624 0
20.199738516912866 11.090204730395499 0
19.8490309285335 11.247399379391227 0
19.493430853017557 11.40182171386028 0
19.133025940427235 11.553433671023289 0
18.767905025144664 11.702197880816552 0
18.39815810397564 11.8480776751032 0
18.023876313966703 11.991037096711342 0
17.64515190994125 12.131040908296953 0
17.26207824176013 12.268054601029371 0
16.874749731312278 12.402044403097179 0
16.48326184924117 12.532977288032466 0
16.08771109141272 12.66082098285135 0
15.68819495513054 12.785543976008771 0
15.284811915104264 12.907115525165631 0
14.877661399177086 13.025505664766301 0
14.46684376381824 13.14068521342469 0
14.052460269386676 13.25262578111701 0
13.634613055171874 13.361299776179493 0
13.21340511421808 13.466680412109321 0
12.78894026793806 13.568741714167091 0
12.361323140522677 13.667458525779205 0
11.9306591331526 13.762806514738577 0
11.497054398018548 13.85476217920216 0
11.060615812156296 13.9433028534838 0
10.621450951103158 14.028406713640985 0
10.17966806238222 14.110052782854105 0
9.735376038820942 14.18822093659694 0
9.288684391710726 14.26289190759705 0
8.839703223814043 14.334047290584852 0
8.388543202225742 14.401669546830258 0
7.9353155310953 14.465742008465707 0
7.4801319242166375 14.526248882594528 0
7.023104577492386 14.583175255183672 0
6.5643461412793025 14.636507094739779 0
6.103969692621582 14.68623125576774 0
5.642088707379148 14.73233548201086 0
5.178817032257502 14.774808409471843 0
4.714268856746292 14.81363956921384 0
4.248558684973243 14.848819389940891 0
3.781801307480683 14.880339200357106 0
3.3141117729313487 14.908191231303999 0
2.8456053597506856 14.93236861767548 0
2.3763975477123984 14.952865400109994 0
1.9066039894744327 14.969676526459416 0
1.4363404820723744 14.982797853034327 0
0.9657229383771669 14.992226145625374 0
0.4948673585244135 14.99795908030045 0
0.0238898013219979 14.99999524397752 0
-0.44709364435658316 14.9983341347729 0
-0.9179668881864458 14.992976162124993 0
-1.3886138670057553 14.98392264669335 0
-1.85891857342364 14.971175820033146 0
-2.328765084414187 14.954738824045151 0
-2.7980375898897867 14.934615710201282 0
-3.2666204212465035 14.910811438545988 0
-3.7343980798747034 14.883331876473662 0
-4.201255265627715 14.852183797282434 0
-4.667076905241544 14.817374878504635 0
-5.131748180698731 14.778913700014417 0
-5.595154557529241 14.736809741912934 0
-6.057181813041524 14.691073382191641 0
-6.517716064476643 14.64171589417428 0
-6.9766437970786574 14.588749443738177 0
-7.433851892074362 14.53218708631552 0
-7.889227654555283 14.472042763675418 0
-8.342658841255345 14.408331300487438 0
-8.794033688217064 14.341068400667568 0
-9.243240938339778 14.270270643507427 0
-9.690169868802753 14.195955479587727 0
-10.134710318356774 14.118141226476954 0
-10.576752714477141 14.036847064216383 0
-11.016188100371746 13.95209303059247 0
-11.452908161837199 13.86390001619785 0
-11.886805253956709 13.772289759282106 0
-12.317772427632873 13.677284840393646 0
-12.745703455949075 13.578908676813905 0
-13.170492860352782 13.477185516785362 0
-13.592035936654447 13.372140433534698 0
-14.010228780835506 13.26379931909263 0
-14.424968314659113 13.152188877911927 0
-14.83615231107744 13.037336620285137 0
-15.243679419429073 12.919270855563738 0
-15.647449190420408 12.798020685180305 0
-16.04736210088489 12.673615995475437 0
-16.44331957831401 12.54608745033123 0
-16.835224025153927 12.415466483613091 0
-17.222978842861785 12.281785291421755 0
-17.606488455715777 12.145076824157464 0
-17.985658334373188 12.005374778398135 0
-18.36039501917036 11.862713588593717 0
-18.73060614315921 11.717128418578573 0
-19.09620045487416 11.56865515290416 0
-19.45708784082436 11.417330387994 0
-19.81317934770524 11.263191423123228 0
-20.164387204324193 11.106276251224875 0
-20.51062484323483 10.946623549525194 0
-20.85180692207454 10.7842726700103 0
-21.187849344600156 10.619263629726483 0
-21.51866928141636 10.45163710091663 0
-21.844185190391872 10.281434400995128 0
-22.164316836758413 10.108697482363734 0
-22.47898531288732 9.933468922070931 0
-22.788113057739093 9.755791911317361 0
-23.091623875981032 9.575710244809818 0
-23.38944295676825 9.393268309966508 0
-23.681496892183404 9.208511075976233 0
-23.96771369533065 9.021484082714156 0
-24.248022818079303 8.83223342951693 0
-24.522355168452933 8.640805763819856 0
-24.790643127659443 8.447248269659056 0
-25.052820566758136 8.251608656041263 0
-25.308822862959484 8.053935145184296 0
-25.558586915553636 7.854276460631024 0
-25.802051161463847 7.652681815239709 0
-26.039155590420826 7.449200899053801 0
-26.269841759754343 7.243883867054105 0
-26.4940528087985 7.036781326796299 0
-26.711733472907035 6.827944325936944 0
-26.92283009707515 6.617424339651049 0
-27.12729064916477 6.405273257944147 0
-27.325064732729604 6.19154337286223 0
-27.516103599437145 5.976287365602539 0
-27.700360161084372 5.759558293528457 0
-27.877789001204313 5.541409577091642 0
-28.048346386260498 5.321894986664705 0
-28.21199027642664 5.10106862928761 0
-28.368680335948774 4.878984935331155 0
-28.518377943087465 4.655698645080625 0
-28.66104619963747 4.431264795243182 0
-28.79664994002256 4.2057387053821635 0
-28.925155739963344 3.9791759642815987 0
-29.046531924715826 3.7516324162444374 0
-29.160748576878767 3.523164147327762 0
-29.267777543767856 3.2938274715184326 0
-29.367592444354937 3.0636789168525285 0
-29.460168675770543 2.832775211482019 0
-29.545483419368107 2.6011732696921723 0
-29.62351564634843 2.3689301778729974 0
-29.694246122942978 2.1361031804483344 0
-29.75765741515468 1.9027496657659528 0
-29.813733893055172 1.6689271519522146 0
-29.86246173463734 1.434693272734684 0
-29.90382892922223 1.2001057632362941 0
-29.937825280419478 0.9652224457445548 0
-29.964442408640615 0.7301012154591513 0
-29.98367375316447 0.49480002622170177 0
-29.9955145737543 0.25937687623099503 0
-29.999961951826187 0.023889793747302424 0
-29.99701479116843 -0.21160317721068866 0
-29.986673818211727 -0.44704399117289045 0
-29.968941581850164 -0.6823746155251357 0
-29.94382245281289 -0.9175370448132961 0
-29.911322622586837 -1.1524733150408333 0
-29.871450101890623 -1.3871255179559976 0
-29.824214718699984 -1.6214358153253585 0
-29.769628115825373 -1.8553464531900339 0
-29.70770374804216 -2.0887997761012085 0
-29.638456878774228 -2.321738241331308 0
-29.561904576331774 -2.554104433057435 0
-29.47806570970425 -2.7858410765134494 0
-29.386960943909408 -3.0168910521074177 0
-29.288612734899687 -3.247197409500685 0
-29.183045324027198 -3.4767033816452604 0
-29.070284732068544 -3.705352398776081 0
-28.95035875281112 -3.93308810235458 0
-28.823296946202362 -4.15985435896023 0
-28.689130631063655 -4.385595274126567 0
-28.54789287737073 -4.610255206118348 0
-28.3996184981024 -4.833778779646416 0
-28.244344040659684 -5.056110899516835 0
-28.082107777857434 -5.277196764211068 0
-27.912949698490653 -5.496981879393698 0
-27.736911497477855 -5.7154120713444785 0
-27.554036565583935 -5.932433500311309 0
-27.36436997872493 -6.147992673780965 0
-27.167958486857543 -6.36203645966418 0
-26.964850502455967 -6.574512099391867 0
-26.755096088578927 -6.785367220919378 0
-26.538746946529894 -6.994549851635383 0
-26.315856403113493 -7.20200843117235 0
-26.08647939749128 -7.407691824115371 0
-25.85067246764001 -7.611549332606318 0
-25.608493736415912 -7.813530708840065 0
-25.36000289722827 -8.013586167449843 0
-25.10526119932593 -8.211666397778528 0
-24.844331432700226 -8.407722576033054 0
-24.577277912608224 -8.60170637731869 0
-24.304166463719973 -8.793569987550411 0
-24.025064403893747 -8.983266115238344 0
-23.74004052758315 -9.170748003144421 0
-23.44916508888036 -9.355969439807328 0
-23.15250978419952 -9.538884770932942 0
-22.85014773460473 -9.719448910647383 0
-22.542153467786697 -9.897617352610075 0
-22.228602899692845 -10.073346180983838 0
-21.909573315815198 -10.24659208125949 0
-21.5851433521406 -10.417312350932226 0
-21.255392975768192 -10.585464910027147 0
-20.92040346519869 -10.751008311471333 0
-20.58025739030048 -10.913901751309913 0
-20.235038591957395 -11.074105078763644 0
-19.884832161403157 -11.231578806125462 0
-19.52972441924774 -11.386284118493602 0
-19.169802894200522 -11.538182883338925 0
-18.805156301495956 -11.687237659903932 0
-18.435874521026427 -11.833411708431434 0
-18.062048575188303 -11.976668999220298 0
-17.683770606446274 -12.116974221506238 0
-17.301133854621572 -12.254292792165398 0
-16.914232633909894 -12.38859086423853 0
-16.523162309634202 -12.51983533527382 0
-16.128019274738712 -12.647993855486101 0
-15.728900926029452 -12.773034835730602 0
-15.325905640167436 -12.894927455289192 0
-14.919132749420264 -13.013641669467235 0
-14.508682517178297 -13.129148216999122 0
-14.094656113241124 -13.241418627260776 0
-13.677155588880783 -13.35042522728721 0
-13.256283851687739 -13.456141148593483 0
-12.832144640205561 -13.558540333797401 0
-12.404842498361047 -13.657597543042257 0
-11.974482749695676 -13.75328836021808 0
-11.541171471404962 -13.845589198979834 0
-11.105015468191999 -13.934477308561096 0
-10.66612224594171 -14.01993077938179 0
-10.22459998522235 -14.101928548448534 0
-9.780557514620481 -14.180450404546402 0
-9.334104283916467 -14.255476993220643 0
-8.885350337106717 -14.32698982154728 0
-8.434406285279486 -14.394971262691339 0
-7.981383279350998 -14.459404560251578 0
-7.5263929826682725 -14.520273832390712 0
-7.069547543485865 -14.577564075750043 0
-6.610959567323093 -14.631261169147546 0
-6.150742089208311 -14.68135187705854 0
-5.689008545817589 -14.727823852878048 0
-5.225872747514248 -14.77066564196404 0
-4.761448850296324 -14.809866684460834 0
-4.29585132765883 -14.845417317901944 0
-3.8291949423777716 -14.87730877959173 0
-3.3615947182228156 -14.905533208765265 0
-2.8931659116057755 -14.930083648525903 0
-2.4240239831714807 -14.950954047560053 0
-1.9542845693385467 -14.968139261628725 0
-1.4840634537968194 -14.98163505483551 0
-1.0134765389682805 -14.99143810067067 0
-0.5426398174389523 -14.997545982831074 0
-0.07166934336844616 -14.99995719581577 0
0.3993187961156401 -14.99867114529708 0
0.8702085095314768 -14.993688148267083 0
1.3408837296576976 -14.985009432959487 0
1.8112284421423812 -14.97263713854689 0
2.281126714098735 -14.9565743146135 0
2.750462722680831 -14.936824920403458 0
3.21912078363222 -14.913393823844952 0
3.6869853798002548 -14.88628680035034 0
4.1539411896094816 -14.8555105313926 0
4.619873115486596 -14.82107260285844 0
5.084666312230182 -14.782981503178508 0
5.548206215318479 -14.741246621235105 0
6.01037856914771 -14.695878244047972 0
6.47106945519439 -14.6468875542387 0
6.930165320094526 -14.59428662727438 0
7.387553003632814 -14.538088428491173 0
7.8431197666349215 -14.478306809898564 0
8.296753318756029 -14.414956506765037 0
8.7483418461586 -14.348053133986072 0
9.197774039072966 -14.277613182235287 0
9.6449391192334 -14.203654013899744 0
10.089726867183346 -14.126193858800383 0
10.532027649442751 -14.045251809698657 0
10.97173244553122 -13.960847817590427 0
11.408732874839824 -13.873002686788368 0
11.842921223345305 -13.781738069794002 0
12.274190470159962 -13.687076461960698 0
12.70243431391072 -13.589041195948884 0
13.127547198940688 -13.487656435974936 0
13.549424341327306 -13.382947171855001 0
13.967961754709695 -13.274939212845451 0
14.383056275919861 -13.163659181281266 0
14.79460559041102 -13.04913450601398 0
15.202508257476277 -12.931393415650975 0
15.60666373525249 -12.810464931597476 0
16.006972405502204 -12.686378860903247 0
16.403335598168105 -12.55916578891559 0
16.79565561569358 -12.428857071740554 0
17.18383575710394 -12.295484828514043 0
17.567780341841466 -12.159081933485034 0
17.947394733349363 -12.019682007912518 0
18.322585362398367 -11.877319411778327 0
18.693259750149853 -11.732029235318027 0
19.05932653095082 -11.58384729037156 0
19.420695474853826 -11.432810101556312 0
19.777277509857548 -11.27895489726423 0
20.12898474386159 -11.12231960048563 0
20.475730486330523 -10.962942819461784 0
20.817429269661908 -10.800863838168496 0
21.153996870252683 -10.636122606633252 0
21.48535032925906 -10.468759731088104 0
21.811407973044542 -10.298816463960906 0
22.132089433311435 -10.1263346937071 0
22.447315666910157 -9.951356934484988 0
22.75700897532247 -9.773926315676475 0
23.061093023812752 -9.594086571256469 0
23.35949286024345 -9.41188202901305 0
23.65213493354977 -9.227357599621282 0
23.938947111868682 -9.040558765573538 0
24.219858700318515 -8.851531569968632 0
24.49480045842411 -8.660322605162957 0
24.76370461718357 -8.466979001286129 0
25.026504895772245 -8.27154841462419 0
25.2831365178801 -8.074079015872925 0
25.533536227677903 -7.87461947826465 0
25.77764230540896 -7.673218965570937 0
26.015394582602156 -7.469927119984412 0
26.24673445690238 -7.264794049882855 0
26.471604906515356 -7.05787031747807 0
26.689950504262466 -6.849206926353221 0
26.901717431242822 -6.6388553088911 0
27.106853490098796 -6.426867313596855 0
27.305308117881843 -6.213295192318164 0
27.497032398515554 -5.998191587365856 0
27.681979074852705 -5.781609518538432 0
27.860102560323465 -5.563602370053457 0
28.031358950171718 -5.344223877389211 0
28.195706032277048 -5.123528114039574 0
28.353103297559255 -4.901569478185905 0
28.50351194996336 -4.6784026792885145 0
28.646894916022152 -4.454082724601779 0
28.78321685399427 -4.2286649056156085 0
28.912444162575454 -4.002204784426846 0
29.03454498918068 -3.7747581800442194 0
29.149489237795414 -3.546381154629653 0
29.257248576393778 -3.3171299996798522 0
29.357796443922005 -3.087061222151273 0
29.451108056845293 -2.8562315305320745 0
29.53716041525663 -2.6246978208641845 0
29.615932308545872 -2.392517162719454 0
29.68740432062787 -2.1597467851327896 0
29.75155883472824 -1.9264440624959769 0
29.80838003772561 -1.6926665004159442 0
29.857853924049355 -1.4584717215402838 0
29.899968299131707 -1.2239174513543494 0
29.934712782413598 -0.9890615039525821 0
29.962078809903254 -0.7539617677883913 0
29.982059636287108 -0.5186761914054452 0
29.994650336592432 -0.28326276915414583 0
1 800 401
800 400 1
400 799 800
799 399 400
399 798 799
798 398 399
398 797 798
797 397 398
397 796 797
796 396 397
396 795 796
795 395 396
395 794 795
794 394 395
394 793 794
793 393 394
393 792 793
792 392 393
392 791 792
791 391 392
391 790 791
790 390 391
390 789 790
789 389 390
389 788 789
788 388 389
388 787 788
787 387 388
387 786 787
786 386 387
386 785 786
785 385 386
385 784 785
784 384 385
384 783 784
783 383 384
383 782 783
782 382 383
382 781 782
781 381 382
381 780 781
780 380 381
380 779 780
779 379 380
379 778 779
778 378 379
378 777 778
777 377 378
377 776 777
776 376 377
376 775 776
775 375 376
375 774 775
774 374 375
374 773 774
773 373 374
373 772 773
772 372 373
372 771 772
771 371 372
371 770 771
770 370 371
370 769 770
769 369 370
369 768 769
768 368 369
368 767 768
767 367 368
367 766 767
766 366 367
366 765 766
765 365 366
365 764 765
764 364 365
364 763 764
763 363 364
363 762 763
762 362 363
362 761 762
761 361 362
361 760 761
760 360 361
360 759 760
759 359 360
359 758 759
758 358 359
358 757 758
757 357 358
357 756 757
756 356 357
356 755 756
755 355 356
355 754 755
754 354 355
354 753 754
753 353 354
353 752 753
752 352 353
352 751 752
751 351 352
351 750 751
750 350 351
350 749 750
749 349 350
349 748 749
748 348 349
348 747 748
747 347 348
347 746 747
746 346 347
346 745 746
745 345 346
345 744 745
744 344 345
344 743 744
743 343 344
343 742 743
742 342 343
342 741 742
741 341 342
341 740 741
740 340 341
340 739 740
739 339 340
339 738 739
738 338 339
338 737 738
737 337 338
337 736 737
736 336 337
336 735 736
735 335 336
335 734 735
734 334 335
334 733 734
733 333 334
333 732 733
732 332 333
332 731 732
731 331 332
331 730 731
730 330 331
330 729 730
729 329 330
329 728 729
728 328 329
328 727 728
727 327 328
327 726 727
726 326 327
326 725 726
725 325 326
325 724 725
724 324 325
324 723 724
723 323 324
323 722 723
722 322 323
322 721 722
721 321 322
321 720 721
720 320 321
320 719 720
719 319 320
319 718 719
718 318 319
318 717 718
717 317 318
317 716 717
716 316 317
316 715 716
715 315 316
315 714 715
714 314 315
314 713 714
713 313 314
313 712 713
712 312 313
312 711 712
711 311 312
311 710 711
710 310 311
310 709 710
709 309 310
309 708 709
708 308 309
308 707 708
707 307 308
307 706 707
706 306 307
306 705 706
705 305 306
305 704 705
704 304 305
304 703 704
703 303 304
303 702 703
702 302 303
302 701 702
701 301 302
301 700 701
700 300 301
300 699 700
699 299 300
299 698 699
698 298 299
298 697 698
697 297 298
297 696 697
696 296 297
296 695 696
695 295 296
295 694 695
694 294 295
294 693 694
693 293 294
293 692 693
692 292 293
292 691 692
691 291 292
291 690 691
690 290 291
290 689 690
689 289 290
289 688 689
688 288 289
288 687 688
687 287 288
287 686 687
686 286 287
286 685 686
685 285 286
285 684 685
684 284 285
284 683 684
683 283 284
283 682 683
682 282 283
282 681 682
681 281 282
281 680 681
680 280 281
280 679 680
679 279 280
279 678 679
678 278 279
278 677 678
677 277 278
277 676 677
676 276 277
276 675 676
675 275 276
275 674 675
674 274 275
274 673 674
673 273 274
273 672 673
672 272 273
272 671 672
671 271 272
271 670 671
670 270 271
270 669 670
669 269 270
269 668 669
668 268 269
268 667 668
667 267 268
267 666 667
666 266 267
266 665 666
665 265 266
265 664 665
664 264 265
264 663 664
663 263 264
263 662 663
662 262 263
262 661 662
661 261 262
261 660 661
660 260 261
260 659 660
659 259 260
259 658 659
658 258 259
258 657 658
657 257 258
257 656 657
656 256 257
256 655 656
655 255 256
255 654 655
654 254 255
254 653 654
653 253 254
253 652 653
652 252 253
252 651 652
651 251 252
251 650 651
650 250 251
250 649 650
649 249 250
249 648 649
648 248 249
248 647 648
647 247 248
247 646 647
646 246 247
246 645 646
645 245 246
245 644 645
644 244 245
244 643 644
643 243 244
243 642 643
642 242 243
242 641 642
641 241 242
241 640 641
640 240 241
240 639 640
639 239 240
239 638 639
638 238 239
238 637 638
637 237 238
237 636 637
636 236 237
236 635 636
635 235 236
235 634 635
634 234 235
234 633 634
633 233 234
233 632 633
632 232 233
232 631 632
631 231 232
231 630 631
630 230 231
230 629 630
629 229 230
229 628 629
628 228 229
228 627 628
627 227 228
227 626 627
626 226 227
226 625 626
625 225 226
225 624 625
624 224 225
224 623 624
623 223 224
223 622 623
622 222 223
222 621 622
621 221 222
221 620 621
620 220 221
220 619 620
619 219 220
219 618 619
618 218 219
218 617 618
617 217 218
217 616 617
616 216 217
216 615 616
615 215 216
215 614 615
614 214 215
214 613 614
613 213 214
213 612 613
612 212 213
212 611 612
611 211 212
211 610 611
610 210 211
210 609 610
609 209 210
209 608 609
608 208 209
208 607 608
607 207 208
207 606 607
606 206 207
206 605 606
605 205 206
205 604 605
604 204 205
204 603 604
603 203 204
203 602 603
602 202 203
202 601 602
601 201 202
201 600 601
600 200 201
200 599 600
599 199 200
199 598 599
598 198 199
198 597 598
597 197 198
197 596 597
596 196 197
196 595 596
595 195 196
195 594 595
594 194 195
194 593 594
593 193 194
193 592 593
592 192 193
192 591 592
591 191 192
191 590 591
590 190 191
190 589 590
589 189 190
189 588 589
588 188 189
188 587 588
587 187 188
187 586 587
586 186 187
186 585 586
585 185 186
185 584 585
584 184 185
184 583 584
583 183 184
183 582 583
582 182 183
182 581 582
581 181 182
181 580 581
580 180 181
180 579 580
579 179 180
179 578 579
578 178 179
178 577 578
577 177 178
177 576 577
576 176 177
176 575 576
575 175 176
175 574 575
574 174 175
174 573 574
573 173 174
173 572 573
572 172 173
172 571 572
571 171 172
171 570 571
570 170 171
170 569 570
569 169 170
169 568 569
568 168 169
168 567 568
567 167 168
167 566 567
566 166 167
166 565 566
565 165 166
165 564 565
564 164 165
164 563 564
563 163 164
163 562 563
562 162 163
162 561 562
561 161 162
161 560 561
560 160 161
160 559 560
559 159 160
159 558 559
558 158 159
158 557 558
557 157 158
157 556 557
556 156 157
156 555 556
555 155 156
155 554 555
554 154 155
154 553 554
553 153 154
153 552 553
552 152 153
152 551 552
551 151 152
151 550 551
550 150 151
150 549 550
549 149 150
149 548 549
548 148 149
148 547 548
547 147 148
147 546 547
546 146 147
146 545 546
545 145 146
145 544 545
544 144 145
144 543 544
543 143 144
143 542 543
542 142 143
142 541 542
541 141 142
141 540 541
540 140 141
140 539 540
539 139 140
139 538 539
538 138 139
138 537 538
537 137 138
137 536 537
536 136 137
136 535 536
535 135 136
135 534 535
534 134 135
134 533 534
533 133 134
133 532 533
532 132 133
132 531 532
531 131 132
131 530 531
530 130 131
130 529 530
529 129 130
129 528 529
528 128 129
128 527 528
527 127 128
127 526 527
526 126 127
126 525 526
525 125 126
125 524 525
524 124 125
124 523 524
523 123 124
123 522 523
522 122 123
122 521 522
521 121 122
121 520 521
520 120 121
120 519 520
519 119 120
119 518 519
518 118 119
118 517 518
517 117 118
117 516 517
516 116 117
116 515 516
515 115 116
115 514 515
514 114 115
114 513 514
513 113 114
113 512 513
512 112 113
112 511 512
511 111 112
111 510 511
510 110 111
110 509 510
509 109 110
109 508 509
508 108 109
108 507 508
507 107 108
107 506 507
506 106 107
106 505 506
505 105 106
105 504 505
504 104 105
104 503 504
503 103 104
103 502 503
502 102 103
102 501 502
501 101 102
101 500 501
500 100 101
100 499 500
499 99 100
99 498 499
498 98 99
98 497 498
497 97 98
97 496 497
496 96 97
96 495 496
495 95 96
95 494 495
494 94 95
94 493 494
493 93 94
93 492 493
492 92 93
92 491 492
491 91 92
491 90 91
90 490 491
90 489 490
489 89 90
89 488 489
488 88 89
88 487 488
487 87 88
87 486 487
486 86 87
86 485 486
485 85 86
85 484 485
484 84 85
84 483 484
483 83 84
83 482 483
482 82 83
82 481 482
481 81 82
81 480 481
480 80 81
80 479 480
479 79 80
79 478 479
478 78 79
78 477 478
477 77 78
77 476 477
476 76 77
76 475 476
475 75 76
475 74 75
74 474 475
74 473 474
473 73 74
73 472 473
472 72 73
72 471 472
471 71 72
71 470 471
470 70 71
70 469 470
469 69 70
69 468 469
468 68 69
68 467 468
467 67 68
67 466 467
466 66 67
66 465 466
465 65 66
65 464 465
464 64 65
64 463 464
463 63 64
63 462 463
462 62 63
62 461 462
461 61 62
61 460 461
460 60 61
60 459 460
459 59 60
59 458 459
458 58 59
58 457 458
457 57 58
57 456 457
456 56 57
56 455 456
455 55 56
55 454 455
454 54 55
54 453 454
453 53 54
53 452 453
452 52 53
52 451 452
451 51 52
51 450 451
450 50 51
50 449 450
449 49 50
49 448 449
448 48 49
48 447 448
447 47 48
47 446 447
446 46 47
446 45 46
45 445 446
45 444 445
444 44 45
44 443 444
443 43 44
43 442 443
442 42 43
42 441 442
441 41 42
41 440 441
440 40 41
40 439 440
439 39 40
39 438 439
438 38 39
38 437 438
437 37 38
37 436 437
436 36 37
36 435 436
435 35 36
35 434 435
434 34 35
34 433 434
433 33 34
33 432 433
432 32 33
32 431 432
431 31 32
431 30 31
30 430 431
30 429 430
429 29 30
29 428 429
428 28 29
28 427 428
427 27 28
27 426 427
426 26 27
26 425 426
425 25 26
25 424 425
424 24 25
24 423 424
423 23 24
23 422 423
422 22 23
22 421 422
421 21 22
21 420 421
420 20 21
20 419 420
419 19 20
19 418 419
418 18 19
18 417 418
417 17 18
17 416 417
416 16 17
16 415 416
415 15 16
15 414 415
414 14 15
14 413 414
413 13 14
13 412 413
412 12 13
12 411 412
411 11 12
11 410 411
410 10 11
10 409 410
409 9 10
9 408 409
408 8 9
8 407 408
407 7 8
7 406 407
406 6 7
6 405 406
405 5 6
5 404 405
404 4 5
4 403 404
403 3 4
3 402 403
402 2 3
402 1 2
1 401 402
